time,x,y,z,phi,theta,psi,x_velocity,y_velocity,z_velocity,phi_velocity,theta_velocity,psi_velocity,rotor_speed1,rotor_speed2,rotor_speed3,rotor_speed4
0.06,-5.26900497625342e-07,1.484922858169002e-07,10.00302767801128,0.00015726300887486389,0.00044369628934148864,0.0,-4.3340978661614945e-05,1.3448573245475906e-05,0.10091827269111311,0.007406371763903468,0.019134254926011535,0.0,436.7685421002123,438.3610774314927,436.5078705320495,437.1253375068834
0.12000000000000001,-1.585721336516415e-05,5.46663748464797e-06,10.010585580046431,0.00033510710063833216,0.001765576733734342,0.0,-0.0005850402534603777,0.00019509775586533157,0.1510059100206741,-0.007864491124023576,0.027272950061736724,0.0,420.0604063241854,420.76550722501344,421.81154019108516,420.4909164588228
0.18,-0.00010439370731057636,2.3754522924526638e-05,10.027871312252234,8.81122966678305e-06,0.003138804161068265,0.0,-0.0025607719509112147,0.00036398404157901717,0.42512280319947016,-0.0009804973267139145,0.012230952432587008,0.0,490.63116242925594,489.5132837935529,487.83860876905345,488.35237038943694
0.23999999999999996,-0.00031152798485513736,4.558130405421636e-05,10.052023608361383,6.283169368783479,0.004010319297852227,0.0,-0.004408672560919501,0.0003602296351183636,0.3799701500279242,0.0007000673191722971,0.018758576780265646,0.0,388.27615722575473,388.88790660169036,387.97273221768955,388.1304729273803
0.3,-0.0006674487558792116,6.745194810991663e-05,10.078851157574954,0.0003924864284350349,0.004954356444641483,0.0,-0.0075668183998031015,0.0003952332649031833,0.51422955195485,0.016848439481370162,0.008870162416348523,0.0,447.8004165938304,446.99534646212146,447.57156397295876,448.8836259959965
0.36000000000000004,-0.001262278765709478,0.00010827385523370207,10.11973521357692,0.00201329929265448,0.006029923133461068,0.0,-0.012375704180888241,0.0011524569148504277,0.8483844831751214,0.042049319934732536,0.03169563680479077,0.0,505.54474132664853,507.18641711470076,504.9188908533833,506.73351095213553
0.4200000000000001,-0.0021638860078954255,0.00024002848451902276,10.177842519669785,0.0051412249485096595,0.00823353661173254,0.0,-0.0179303911935074,0.0035919964597568303,1.0883255881940659,0.06707340043632755,0.04525518824032207,0.0,480.60829320381026,481.635276906721,477.93741941688563,479.8420803080636
0.48000000000000015,-0.003440913008849712,0.0005909564055297816,10.248503587515957,0.009020082509613836,0.01104058043859002,0.0,-0.024949522554924747,0.008554081561554768,1.2668566115193645,0.05929427581868803,0.04967786562193255,0.0,461.328278550641,461.67853820825025,463.49558975738165,462.88675786017916
0.5400000000000001,-0.005172702989753396,0.0013001520285593634,10.327105329553083,0.012529508724200333,0.014098247741014092,0.0,-0.03307761289292897,0.01543805065887317,1.3530956241449539,0.05683298278201382,0.0534106181527977,0.0,434.0735667261079,434.38838900227466,434.1717806970222,433.9677238065583
0.6000000000000002,-0.0074746077922369794,0.002510483434517462,10.412221982671271,0.01575477623567867,0.017322779315573023,0.0,-0.04399279665516973,0.02525857450459573,1.4839548363236472,0.046753326416771705,0.054396981037783496,0.0,447.9272316980065,448.00931577944993,449.32193550480565,448.5059712643227
0.6600000000000003,-0.010548630298205712,0.004420308641153276,10.507816036399271,0.01874330073445396,0.020795488821943486,0.0,-0.05887273577942033,0.0387441206200294,1.7022006964378782,0.05530778064782685,0.06406061419611637,0.0,475.06642966641795,475.80882586468647,474.4854137014957,475.1430045546584
0.7200000000000003,-0.014596428450020273,0.0072084738383283884,10.616237293037083,0.02191993676819326,0.02482374579838531,0.0,-0.07651276564519455,0.05457245135628877,1.9114960780121155,0.047740990456028,0.07267093630938472,0.0,472.55393273152214,473.22019554749386,473.72679891579105,473.146285131642
0.7800000000000004,-0.01983823096397772,0.011050672882671246,10.738563995994202,0.02462635512491307,0.0304022063194056,0.0,-0.09884329308895484,0.0738386776876292,2.1655881059275104,0.03923816199818797,0.11710658012663794,0.0,485.2712582233255,488.60093722713873,487.1237286055191,486.48849587492435
0.8400000000000004,-0.026418113993792125,0.015993226829298567,10.87127453138863,0.027036941320992547,0.03818241103286901,0.0,-0.121234911854302,0.09114819545674804,2.2578848444649857,0.041989419307124284,0.14721955132853412,0.0,437.67205525432917,440.18607568938046,439.3588806570703,439.5877649810086
0.9000000000000005,-0.03465944165292532,0.022130150284822635,11.013350877725482,0.030017565661722756,0.04651490863856633,0.0,-0.15449804517136836,0.1137350785468179,2.477487362608377,0.0617830531005899,0.11169607727231944,0.0,479.32892547965344,476.6374374968875,477.95638481384646,479.4637810676579
0.9600000000000005,-0.044956008299662294,0.029613637683011593,11.165815152272192,0.03364716956912783,0.05302324527013713,0.0,-0.18940847027525004,0.1360932813899652,2.6043224339913484,0.05778186436949528,0.10109416121612523,0.0,451.6932822114531,450.8476213580963,452.02023624198944,451.7002158005345
1.0200000000000005,-0.05764936225882497,0.03861956131980089,11.328918387944105,0.036750825497427364,0.05907965430198381,0.0,-0.2344069533158701,0.16448585328966092,2.831853810068492,0.03547921223278319,0.10063058666624508,0.0,483.32011372781267,483.2930856560326,482.26559999383085,480.57954081386896
1.0800000000000005,-0.07289790597735597,0.04921768013014721,11.500794298134773,0.038689641252239504,0.06552660556836098,0.0,-0.2744754237299651,0.18897436375058502,2.89712552696666,0.025083036197000544,0.11843464901496445,0.0,432.1550659230283,433.6634957073264,435.80294429826284,434.9335117192221
1.1400000000000006,-0.0906333247377668,0.06129392446412686,11.675868717860233,0.04096539059658166,0.07274570968454519,0.0,-0.31736709898108706,0.21374388819506698,2.9385181653713377,0.055769593054954304,0.12383897914720209,0.0,426.7729894808356,427.24770445929795,425.42378144111785,428.0439502459489
1.2000000000000006,-0.1109879979722558,0.07485290771994364,11.852178281159375,0.04438863262758108,0.07999558993604783,0.0,-0.3617630978822476,0.23851421634124145,2.9383926020894773,0.05950555717498211,0.1140188993075604,0.0,414.01405831603853,413.163449105493,413.12991037403617,413.46169470691564
1.2600000000000007,-0.13439176077065387,0.09010285028365504,12.031642614204422,0.048731555391351655,0.08691119921999313,0.0,-0.41904716490479105,0.27021511292925365,3.0433809642715755,0.09024824506883737,0.11763164911228673,0.0,447.8887076042917,448.19417731813314,446.3077157253325,448.8136105759736
1.3200000000000007,-0.16149868762056813,0.10741911449782292,12.218755495452395,0.054603461816432386,0.0939334622383523,0.0,-0.4852513260404267,0.3075885529842712,3.1931816432498024,0.10987778972533889,0.11582375859598724,0.0,463.19786187083423,463.0673349930918,460.9011470538787,462.4575978062425
1.3800000000000008,-0.1926626220277225,0.12706978664177357,12.414084813574394,0.061574043567659054,0.10141355633284199,0.0,-0.5542791472909387,0.34812563736257207,3.317295935475617,0.12646920716484544,0.1381779568461767,0.0,455.07412370482234,456.87338639578365,454.7243746166567,456.0631172910968
1.4400000000000008,-0.22794747928204134,0.14918994643910197,12.615025662314958,0.06886405240415794,0.11057996519867519,0.0,-0.6227158930479628,0.38991292969888164,3.3803737800635965,0.10904279628958162,0.17225771573105692,0.0,436.21078220273756,439.06899917901615,438.22754600054145,436.78998980332074
1.5000000000000009,-0.26763082035448543,0.17401961153212336,12.820640632322554,0.07584985335818661,0.12210830621326707,0.0,-0.7011494311855925,0.43839466293488183,3.4729543543286487,0.12815011614398766,0.21594843599747374,0.0,446.2193906320756,449.80565443497164,446.7434341089323,448.31057924582893
1.560000000000001,-0.3117573548160052,0.20158899404203637,13.027724126671469,0.08325179862596244,0.13538607311830209,0.0,-0.7708124612875064,0.48119042750812013,3.4297240902662938,0.11149721052906682,0.2302653775907874,0.0,403.7956205384817,405.13864781171674,404.1765947336455,402.68817251389686
1.620000000000001,-0.3604091789639357,0.23191715483652645,13.233069690893219,0.0898525518654596,0.1487155362237571,0.0,-0.8520822588760664,0.5302953689356142,3.414895875424054,0.10686736587208427,0.1964624283129963,0.0,415.37204124840827,412.4484041234181,414.3936069769581,413.9980569784368
1.680000000000001,-0.4152774818801129,0.2659670974451759,13.444780212642682,0.09630250474292978,0.15990243254333603,0.0,-0.9781753426571469,0.605382622284794,3.641036151704382,0.10873284477354815,0.13500395617789135,0.0,491.63434679999125,487.08639059330665,490.86973582515145,491.017105255411
1.740000000000001,-0.47720043927856803,0.30421689460124846,13.6653051364563,0.10325945782525192,0.16796869295432426,0.0,-1.0866716615015402,0.6702219192933437,3.709283774159592,0.1274506816011837,0.1332816593287269,0.0,444.22048348225314,444.0959013257071,443.6609006204925,445.20698138990787
1.8000000000000012,-0.5455660044456339,0.3463546682147094,13.88855348934637,0.11107666479799772,0.17611658590355095,0.0,-1.1928975144371317,0.735034926962056,3.731947965225056,0.1354235743368446,0.1404033601663928,0.0,430.53476541016084,431.15457236641987,429.9984434251605,430.6894924889942
1.8600000000000012,-0.6213036265048407,0.39305055896284896,14.117791880009678,0.11928870573344863,0.18424697248100586,0.0,-1.3325175385583596,0.822312335489846,3.9083176301223586,0.13960599772724458,0.12328250176893936,0.0,479.8780827633191,478.5919636189319,479.9891138051368,480.32222325201496
1.9200000000000013,-0.7052096854759649,0.44491351422691344,14.35546394367344,0.1273035887359466,0.19183631572318216,0.0,-1.465046729572055,0.9072117149625827,4.013312578034568,0.11746175712583676,0.13222900878888363,0.0,458.7292149197045,459.4531063878776,461.83802761909334,460.1034334748461
1.9800000000000013,-0.7968765460927557,0.5017943317051977,14.597581414329543,0.13482573882225068,0.19941554322033195,0.0,-1.5912098647080097,0.9894331814899718,4.056718456604218,0.13774264191980404,0.1106306790235675,0.0,442.70846335318686,440.94194017164494,441.50155364125476,443.1859598623097
2.0400000000000014,-0.896759416007354,0.5640847307992899,14.84469739176917,0.14334512038180325,0.2058848683882637,0.0,-1.738810216534572,1.0876815624148348,4.179567418327322,0.14935168345092362,0.10151815952451508,0.0,468.53476075994615,467.8352402275473,468.1888373440336,469.1088010836434
2.1000000000000014,-1.0061827883025156,0.6328209683787364,15.101680643490095,0.15209503892498155,0.2119568440999018,0.0,-1.9091706571160183,1.2043863149770888,4.385205260141269,0.1376634228816714,0.10055525533672048,0.0,495.2717983333922,495.20867372230305,495.4375889108001,494.5948399668275
2.1600000000000015,-1.125597250136039,0.7084875167982776,15.369189628410162,0.1605258592262242,0.21768309907814487,0.0,-2.0718126513100805,1.318575501696033,4.530637726440943,0.14567335338529216,0.08249227624130537,0.0,480.3519972582877,478.9870086896379,479.8875322692344,480.5119137824843
2.2200000000000015,-1.2541673227606227,0.790653434388289,15.642106889589424,0.1697801241560679,0.2226162698138392,0.0,-2.2142723282942445,1.421028583756036,4.56596642078339,0.16741057032817386,0.08166868294308859,0.0,448.2585964803753,448.1970778305392,446.4871395471236,448.2792007354817
2.2800000000000016,-1.3911131168126794,0.8789308636298104,15.915900992196505,0.17983175101722182,0.22812653226438062,0.0,-2.351039629224158,1.5223454452821967,4.560006552359228,0.16775886589933353,0.10687088362532152,0.0,435.2054664532884,437.3171200566268,434.98869211038493,435.0453729640661
2.3400000000000016,-1.5365491022572841,0.9735879492074749,16.19000218768802,0.18993640169889936,0.23570755005710264,0.0,-2.497436160785759,1.6336799642078348,4.57600614130414,0.1696821696982136,0.1498718024947022,0.0,442.7479690841938,446.28571539165404,443.64745666219903,443.832561055491
2.4000000000000017,-1.6911198827012268,1.0752519292631384,16.46578323730913,0.20031523030595721,0.24436463416497034,0.0,-2.655680804587687,1.7559147216363173,4.615778056884707,0.17886546062928302,0.12975361082175804,0.0,454.07445696657936,452.4761535216767,453.41242545301054,454.17769521685466
2.4600000000000017,-1.8556849239605588,1.1846965261327471,16.745145725347157,0.21099009301156713,0.25279903577704665,0.0,-2.8305070113768065,1.8930770661332061,4.695125207332555,0.1759439918280968,0.15631392188033913,0.0,466.6963267688002,468.781935064123,468.7588990906408,468.5605273382998
2.520000000000002,-2.030296516132256,1.3020567310744944,17.026803627802156,0.2220006709079403,0.2616913351055219,0.0,-2.9906466832418612,2.0197070181623804,4.692641633741066,0.195450186823818,0.12246795809728607,0.0,445.42539006196034,442.6681640218056,443.66748386347956,445.2986098245579
2.580000000000002,-2.216795484510183,1.4289427360663571,17.315879683683537,0.2344165278160215,0.26858549798200126,0.0,-3.226496172939539,2.210854098501807,4.940922889284412,0.22336621192422465,0.09211065620858098,0.0,524.4365427422284,522.3326241178428,522.1229365620342,524.1014310613998
2.640000000000002,-2.415814119036772,1.5660586996737489,17.61334559056802,0.24831982068111103,0.2737451418301804,0.0,-3.4078566695890933,2.3607092142257304,4.9734743880433605,0.24463480275483498,0.06951675210007646,0.0,463.7432535112324,461.9703635605513,461.13267295176126,462.86060244317434
2.700000000000002,-2.6251539645461834,1.7118237501143536,17.910359379717896,0.26347283074803407,0.2779939113798786,0.0,-3.570495753811939,2.49919196752881,4.926275685327831,0.2649220314037725,0.0732852724605775,0.0,437.66056757112597,437.9780966793501,437.96694454899585,439.71561455305476
2.760000000000002,-2.845755633045863,1.867434690849364,18.209211862457888,0.2802998643067909,0.2823536501130288,0.0,-3.783106277864817,2.68913815263317,5.033670041371315,0.30075244865515344,0.07138705829076689,0.0,490.40354496717873,490.26604493147147,489.1068678227848,491.8382077402218
2.820000000000002,-3.0784398849745456,2.0340264233694647,18.511772169332932,0.29800493042439236,0.2860476557674332,0.0,-3.9733034119916173,2.8652300863109916,5.050308939287468,0.28029544507895937,0.019529173083279318,0.0,466.08452208429867,462.0149310680727,467.57933135212977,466.0660201327955
2.880000000000002,-3.3218169315712744,2.210681415884906,18.812617483279052,0.3154784271988156,0.28696824265504084,0.0,-4.1394018872811005,3.0244461335874284,4.977152133100031,0.30706690726030234,0.005279183446628201,0.0,438.3942239800703,437.2081860864846,436.88801369934794,439.20116224799796
2.940000000000002,-3.575222965573147,2.3971765199204396,19.10905159695364,0.3343197247933416,0.2872937095930066,0.0,-4.307543896087624,3.1933250591279654,4.903183840045218,0.3251680226431441,0.005713421554442207,0.0,438.9760230334748,439.011969773798,439.0156109646391,440.6164799872937
3.000000000000002,-3.8393499759258347,2.594755456688277,19.402847970609688,0.3534494072065746,0.28770647912366787,0.0,-4.4966566614975445,3.393974068871597,4.888711326278291,0.3015380161955742,0.00911527509482629,0.0,462.1923424946861,462.4603280123533,462.3092110684837,460.5422372009713
3.0600000000000023,-4.11350929950673,2.8030862792262417,19.69136584019036,0.3712129541945792,0.2880818640612137,0.0,-4.642219102832457,3.5514926932803457,4.728216683236191,0.28193090348342736,-0.00018182332321973202,0.0,413.1643453809902,412.3435182214366,413.58074487387785,411.9457435303485
3.1200000000000023,-4.396257718374317,3.020851793651172,19.96959137241459,0.38853153237501736,0.28800534682337187,0.0,-4.782969818503245,3.708385625498269,4.545763775064763,0.29947353899844253,-0.0035573382362624555,0.0,406.43148600951366,406.12877740605643,403.2076192306348,404.8828217638874
3.1800000000000024,-4.688692870965543,3.2497805940473765,20.240547724020278,0.406537360945193,0.28791686564748176,0.0,-4.964861288901752,3.923650216321032,4.48496402701974,0.3013129841227304,0.0023956211413344716,0.0,451.17916774789273,451.65968637682806,450.2484105594794,450.48762699894024
3.2400000000000024,-4.9926260105988405,3.4926258483847676,20.509428568106657,0.42490699155341005,0.2878168259688403,0.0,-5.1661338513942745,4.172234652495134,4.476097515109273,0.3144043817736874,-0.01137388553016019,0.0,472.7596428214825,471.69727283944417,470.5404784302309,471.64250558365814
3.3000000000000025,-5.308617780055648,3.7506104571869563,20.77747184077872,0.44367344479740733,0.28732694774761214,0.0,-5.366766225879564,4.428287116895568,4.457009407480722,0.30930648171113906,-0.0024148701180653456,0.0,471.8287185155644,472.52016873522365,471.91308017113425,471.61302409535404
3.3600000000000025,-5.636423070568132,4.02387354997216,21.043431967252662,0.46204902092348465,0.2876654712229936,0.0,-5.56001735073264,4.681409852015405,4.40677472829497,0.29935865291538233,0.018211312564346518,0.0,463.9203889796376,465.53750505584344,465.81194471580994,465.124087150202
3.4200000000000026,-5.975974029969124,4.31273903844236,21.306532941578993,0.4798306839317563,0.2883596232446539,0.0,-5.758317599753494,4.948223966196827,4.36155438690626,0.2895866630665575,-0.007020611076021957,0.0,472.6168469070052,470.6674770583023,469.87247264364635,469.1982045479675
3.4800000000000026,-6.32719914815511,4.617437053926528,21.565953641287795,0.4972875844795741,0.2875261966796634,0.0,-5.949100453834623,5.209107353577462,4.284341672089485,0.2935351934160539,-0.03345046372515348,0.0,465.3855251382717,463.31163752608205,461.8690770627901,462.26287589121176
3.5400000000000027,-6.689286666159582,4.937025402456109,21.81878534757158,0.514609704831047,0.28547528429365787,0.0,-6.120451851333286,5.444604368970495,4.142414254031714,0.27670215617604876,-0.03568602471618417,0.0,443.54303462341613,443.3588553012525,442.9335342453925,441.63131214507376
3.6000000000000028,-7.06122291901714,5.270170800840083,22.06164391574545,0.5309448326548196,0.28365642868383567,0.0,-6.277515006827223,5.660949207139176,3.9522727876534556,0.26143290535436325,-0.021297700448564258,0.0,425.2752093233807,426.5058930126494,427.9478143704455,426.72356695407524
3.660000000000003,-7.442959626680517,5.617051832034205,22.294021115647496,0.5465499436979426,0.28209073510535276,0.0,-6.447075360229438,5.902289147738426,3.792742196877576,0.25725015922976724,-0.038017140960391785,0.0,441.2046776751931,439.82147312786174,440.1678046228932,439.8902195097263
3.720000000000003,-7.834930155765969,5.978620133944688,22.516813674952385,0.5615299805919998,0.2806285300448961,0.0,-6.618613563597081,6.1504493893503644,3.632761304017097,0.22683563934025505,-0.005753639926383811,0.0,441.2992896200653,443.95508627790053,443.40091298395066,440.9560961298305
3.780000000000003,-8.238750872307849,6.358030357549881,22.734366402875523,0.5752492747864384,0.2805594872911463,0.0,-6.841808998558143,6.4964583854243765,3.6168420027120143,0.23205929199474915,0.006752458399174476,0.0,498.24764601620507,499.16141106365114,496.8618783611966,497.29064957398896
3.840000000000003,-8.65396204156455,6.754478790004513,22.944855212033538,0.5890355766342665,0.280738411386082,0.0,-6.998794016684994,6.718818339296019,3.3988906518608992,0.22476231864323795,-0.005891511732261842,0.0,427.1983682900712,426.1184209449675,427.3027822185803,426.7348736342286
3.900000000000003,-9.07985925302371,7.166695852955158,23.1456754311594,0.6026144004297782,0.28018828837217846,0.0,-7.197678294128049,7.021695320844952,3.29358453045346,0.22924347265820325,-0.016696035176794174,0.0,472.72134052018805,471.8878855845142,472.70419423307993,473.09692955971093
3.960000000000003,-9.51981625589937,7.601325393663122,23.346016758695654,0.6165328140628326,0.27902584113483453,0.0,-7.466844400959467,7.465236056102125,3.3811299998540187,0.2369311838357172,-0.02535468031242926,0.0,544.3320030284787,543.7522100131562,543.6758868623338,544.2335533057412
4.020000000000002,-9.972594199936996,8.055965277824306,23.541882316786,0.6303128619210128,0.2771020520295142,0.0,-7.625917322292978,7.6896823281195905,3.147211413141122,0.20838722873524343,-0.05092534915439827,0.0,435.6809704856601,433.536343334056,433.68948205417774,431.3374912346548
4.080000000000001,-10.434753990830302,8.523715094570553,23.723071651946274,0.6427758729838065,0.2737884077126589,0.0,-7.779604340375305,7.902232934203179,2.8922478526260833,0.20634369612179268,-0.06562923937457295,0.0,427.4657339729438,426.20809397207944,424.95427731586426,424.82361427568145
4.14,-10.906544327942868,9.005065104685203,23.88998674900111,0.6556049375042825,0.27020008257002903,0.0,-7.946797706474499,8.142862321371046,2.671084367364157,0.22563978166256668,-0.05015723517924972,0.0,439.4284467980598,440.70701390769847,440.5067606708192,442.14512014405454
4.199999999999998,-11.387572138672738,9.499083039497108,24.04121000959857,0.6691420194699331,0.26725840592299477,0.0,-8.087793145000312,8.32476333972488,2.369793827557119,0.2255745832288022,-0.04686068927600046,0.0,406.7895743756141,407.08306620742394,407.69875603483115,407.7484772991081
4.259999999999997,-11.877633427698958,10.005237714721959,24.175825365030843,0.6827270533129237,0.2650867770913736,0.0,-8.247761349982364,8.547143748457954,2.11697664758923,0.22804834811797198,-0.02060784569865436,0.0,427.52721438210307,429.7583452040642,428.83525166339064,429.09832474010534
4.319999999999996,-12.377477945993636,10.525085957903233,24.29560011969315,0.6964361961002972,0.2641563815575765,0.0,-8.413893994488317,8.781049960933995,1.8748907490255806,0.2293447545946035,-0.006875931945493059,0.0,434.2931578602194,435.44396074129736,434.74622349098405,434.90801838020866
4.379999999999995,-12.887360676386363,11.059026724827035,24.40081622157252,0.7101176177160635,0.26391542969013315,0.0,-8.58238026350849,9.016792602025115,1.6316192077225375,0.2252469443258687,0.001165667311616641,0.0,435.34067188823855,436.0133810955084,436.9514702592406,436.6622352708613
4.439999999999993,-13.407820466932684,11.608108688222995,24.49249806870099,0.7242096560442226,0.26411189290473835,0.0,-8.766359395654865,9.285487425159314,1.4233287563838313,0.2492678303187288,0.007189684461794708,0.0,453.18423451138267,453.66831745080987,452.63860591794383,454.62129859994013
4.499999999999992,-13.940372474212072,12.175768778648274,24.574315736396233,0.7391497308954147,0.2646514599967622,0.0,-8.985174692382868,9.63554020625031,1.3017518580082,0.24846383284264756,0.012374995766224703,0.0,493.7108817520196,494.0933245483429,491.6098113246379,491.6058342544196
4.559999999999991,-14.484361539459842,12.76010919978084,24.64390693827389,0.7544162590091235,0.2659320115322634,0.0,-9.148051224587263,9.84222642306755,1.0173498211690686,0.2642888630870144,0.035007635172105735,0.0,428.2969714821811,430.21848856991954,427.48949437782034,428.9037050581403
4.6199999999999894,-15.038641768810672,13.357969154019905,24.69754568689047,0.7702589824839237,0.2680015370824256,0.0,-9.328091218420408,10.085853633584037,0.7694459690745008,0.2635550675898506,0.033440772838827945,0.0,447.18453974597395,447.0573178906158,448.16745154672304,448.1773997201546
4.679999999999988,-15.604657289558183,13.972624614334263,24.738435207158822,0.785954238836692,0.2695000053132972,0.0,-9.53898673758855,10.401531578924766,0.591557690702044,0.25734005821606,-0.003056072402074469,0.0,483.46860841674913,480.7098288136672,482.1120039561816,481.70503718635814
4.739999999999987,-16.18321786666895,14.605783634002071,24.76805521978422,0.8019401697327018,0.2690126687071306,0.0,-9.746218431679903,10.702742380494167,0.39405555654556,0.2802195695797807,-0.0209117843405046,0.0,479.41710241012674,478.0579981269781,478.3348263000105,480.1398604544134
4.799999999999986,-16.7744532173098,15.257527361166073,24.786165052241184,0.8189202773237083,0.2675439151491359,0.0,-9.961349292369155,11.020895466164417,0.20761596847355965,0.2880434763501034,-0.03278864354849606,0.0,490.31356416342436,489.42998286326593,487.7098463679386,488.3673144488757
4.859999999999984,-17.376671202433254,15.923126007181867,24.788043651772675,0.8364051059880069,0.26619241750539224,0.0,-10.112934538233818,11.165670915968919,-0.14510948829982678,0.2974080170046717,-0.007379828979545509,0.0,414.4899858601878,416.71806367812394,415.55058012438025,416.4635150107422
4.919999999999983,-17.98929365071365,16.60077828009838,24.77176520734117,0.8536958354955715,0.2654651837765156,0.0,-10.307739659338347,11.421763361300739,-0.3989547884538071,0.25431547037239616,-0.023867060542801088,0.0,466.1878281051755,464.89726188065026,467.8481104208553,464.5566994136827
4.979999999999982,-18.613936482839506,17.294548626195535,24.74081533256363,0.868840713358451,0.2639381244158958,0.0,-10.513560434921892,11.702665019998099,-0.6341327885554849,0.2483222308944563,-0.02882310730314147,0.0,478.72200165806987,478.3444952592396,479.2969978797655,478.89994482629237
5.0399999999999805,-19.250518645396028,18.00382410684475,24.694553793202267,0.8843417930429807,0.2623731811389609,0.0,-10.705869685557348,11.93884929458846,-0.9089031218484807,0.27321100504215473,-0.021098857756675915,0.0,464.5032906033445,465.10883382655175,462.43542705302065,464.4559528071117
